55
44
68
49
46
32
21
52
12
0
75
98
28
5
71
63
24
43
33
8
12
81
85
31
12
67
62
44
67
27
76
63
0
40
81
67
76
46
4
47
80
38
11
52
93
21
48
42
86
83
44
1
66
42
73
99
80
51
20
94
63
20
94
55
37
85
27
14
36
18
52
52
67
2
87
45
77
32
79
60
28
8
13
26
27
59
1
40
80
75
61
97
34
45
53
18
73
56
29
28
27
20
82
36
91
40
97
74
66
99
57
16
77
33
8
68
34
35
81
1
17
2
29
89
82
72
0
58
26
73
94
69
66
37
14
85
22
40
99
5
48
32
5
1
25
54
86
98
85
84
49
14
52
53
42
57
26
88
31
59
71
34
37
15
80
77
89
98
78
48
75
85
59
10
7
17
93
98
95
81
33
62
93
81
35
5
35
47
22
4
6
93
90
3
60
6
65
85
79
28
33
47
26
63
98
77
61
41
54
31
16
100
56
8
95
35
91
48
85
96
21
72
70
15
56
13
24
85
19
68
19
61
1
60
93
67
24
11
79
85
3
93
47
70
30
50
75
76
0
95
70
91
70
62
72
12
28
95
14
20
48
60
83
5
98
4
44
33
45
73
71
40
100
25
44
30
2
72
84
19
26
65
23
1
66
64
84
12
83
33
83
3
52
93
57
55
60
2
79
74
38
1
69
61
60
77
26
11
18
4
84
62
69
26
12
79
68
94
99
83
25
26
35
5
22
98
48
65
53
42
67
86
85
81
0
78
70
47
95
86
51
26
69
62
47
3
64
87
79
10
64
92
19
48
59
11
22
81
3
21
31
69
9
28
11
7
22
94
48
66
43
79
98
37
86
85
79
34
43
42
85
21
62
89
69
45
96
3
30
92
30
63
85
43
92
7
29
46
17
61
57
0
61
12
83
81
8
93
99
24
76
62
59
79
74
67
100
23
91
22
65
67
41
58
67
25
57
30
19
13
33
99
41
10
99
8
100
85
62
47
67
31
33
51
70
73
31
99
28
29
29
62
12
21
84
67
36
47
98
66
58
43
61
0
49
54
83
87
64
1
35
83
84
72
48
38
100
79
77
97
97
20
40
68
83
70
16
100
44
64
8
24
62
34
51
68
11
8
99
67
25
48
78
20
2
76
95
77
92
35
85
32
66
71
89
99
32
97
27
4
96
52
39
21
12
33
44
59
49
65
19
62
37
67
66
97
16
77
93
9
84
27
19
10
62
33
16
29
25
4
53
54
38
90
59
11
81
20
12
83
19
89
76
40
84
64
88
81
61
24
91
13
78
91
12
2
55
19
52
78
94
50
59
27
93
2
60
86
23
9
18
53
40
0
48
86
63
49
0
9
21
5
39
81
51
50
0
100
38
14
68
22
24
73
7
91
39
15
77
78
63
22
62
50
80
2
14
25
5
94
76
19
78
70
17
73
84
25
74
24
3
61
5
18
40
70
19
99
22
42
40
19
25
26
85
35
13
56
93
58
41
75
67
78
84
92
43
68
47
33
61
65
51
100
93
84
86
93
87
5
97
97
26
24
19
23
68
36
5
1
85
44
41
26
77
42
51
69
55
42
14
0
12
46
19
41
91
96
26
9
24
1
30
99
46
43
1
67
14
4
21
74
72
11
56
80
59
29
68
75
50
51
86
4
91
70
43
42
24
57
82
79
78
36
83
41
99
66
88
11
50
15
73
36
11
64
41
9
54
62
24
91
60
10
51
88
84
57
89
31
59
27
34
27
80
46
84
78
25
75
95
43
87
95
60
19
93
37
79
24
17
53
11
81
29
79
38
68
57
93
37
61
3
77
0
70
72
26
9
79
18
86
74
27
89
10
37
78
35
40
71
78
85
76
69
100
0
98
67
27
59
95
58
10
20
12
56
89
79
99
12
40
64
59
26
91
42
89
53
11
97
77
29
58
2
5
43
13
13
37
65
60
81
15
18
40
15
84
53
58
78
60
76
42
23
67
76
10
30
96
89
37
8
65
74
14
68
23
66
85
48
25
25
51
85
12
40
38
48
9
24
3
79
93
16
80
12
37
71
56
77
75
75
19
83
78
67
77
6
19
36
6
89
66
64
29
88
15
38
48
93
59
83
100
11
30
62
20
60
83
59
1
74
24
26
17
33
18
97
32
83
99
45
26
93
76
80
24
65
50
39
39
58
70
51
62
27
17
8
42
49
3
20
13
26
89
0
59
29
8
51
5
85
13
88
14
80
15
26
49
51
2
73
36
65
33
37
47
32
61
